1744002067.6124833
1744002067.7673116
1744002067.7833326
1744002067.7838407
1744002067.7841167
1744002067.8039157
1744002067.8693552
1744002067.9658372
1744002067.986506
1744002068.062587
1744002068.0787375
1744002068.125847
1744002068.1717412
1744002068.2504723
1744002068.2821646
1744002068.3459036
1744002068.3776896
1744002068.4389448
1744002068.4857366
1744002068.5490432
1744002068.5804765
1744002068.6438966
1744002068.6903884
1744002068.7379107
1744002068.8156433
1744002068.8624053
1744002068.8944128
1744002068.972829
1744002069.0046828
1744002069.0815332
1744002069.1599312
1744002069.2063825
1744002069.2526717
1744002069.3009393
1744002069.3491735
1744002069.4110022
1744002069.4579434
1744002069.5049202
1744002069.582742
1744002069.630834
1744002069.692298
1744002069.7080379
1744002069.754126
1744002069.8319314
1744002069.8476968
1744002069.9261122
1744002069.9572277
1744002070.0192063
1744002070.0661142
1744002070.1448026
1744002070.1605122
1744002070.2222054
1744002070.2688866
1744002070.3464344
1744002070.362694
1744002070.4106145
1744002070.4578261
1744002070.5048041
1744002070.5658844
1744002070.5974433
1744002070.675942
1744002070.6913362
1744002070.7531683
1744002070.7846148
1744002070.848019
1744002070.8788297
1744002070.9415326
1744002070.9891639
1744002071.051619
1744002071.0989568
1744002071.1626084
1744002071.2721317
1744002071.302205
1744002071.3178718
1744002071.3644726
1744002071.42704
1744002071.4735167
1744002071.506418
1744002071.5507426
1744002071.6288593
1744002071.7057905
1744002071.7521665
1744002071.7674046
1744002071.831155
1744002071.8773298
1744002071.939356
1744002072.016583
1744002072.0318747
1744002072.0795956
1744002072.1575813
1744002072.1734397
1744002072.2521079
1744002072.2836483
1744002072.3455045
1744002072.3785093
1744002072.4405186
1744002072.503409
1744002072.5343592
1744002072.59635
1744002072.6581583
1744002072.7210555
1744002072.767942
1744002072.8304343
1744002072.895331
1744002072.9110992
1744002072.9734504
1744002073.0834055
1744002073.1310482
1744002073.1315763
1744002073.191948
1744002073.2390199
1744002073.3025846
1744002073.3818593
1744002073.4008975
1744002073.4448187
1744002073.5078523
1744002073.5702548
1744002073.616774
1744002073.6638649
1744002073.7110991
1744002073.7572227
1744002073.8207936
1744002073.8675628
1744002073.915272
1744002073.9627008
1744002074.0104012
1744002074.0721316
1744002074.1349263
1744002074.181665
1744002074.2443058
1744002074.29065
1744002074.3368578
1744002074.4143033
1744002074.4301586
1744002074.4783547
1744002074.5409796
1744002074.5876606
1744002074.6509528
1744002074.6992254
1744002074.7454846
1744002074.7775042
1744002074.8396032
1744002074.9029903
1744002074.9345784
1744002074.983146
1744002075.0461211
1744002075.1090763
1744002075.1715155
1744002075.217918
1744002075.280288
1744002075.3118553
1744002075.4047441
1744002075.4507787
1744002075.4656553
1744002075.5447564
1744002075.6062448
1744002075.6214364
1744002075.6981802
1744002075.745462
1744002075.8077762
1744002075.8391347
1744002075.9012089
1744002075.9481165
1744002076.0106432
1744002076.056288
1744002076.1026406
1744002076.1659224
1744002076.1972408
1744002076.2590196
1744002076.3059282
1744002076.3368216
1744002076.3829567
1744002076.4460533
1744002076.5090137
1744002076.5556605
1744002076.6028283
1744002076.6490512
1744002076.696043
1744002076.7736151
1744002076.789228
1744002076.83567
1744002076.8839476
1744002076.9467368
1744002077.0092113
1744002077.0561702
1744002077.1019268
1744002077.1807926
1744002077.242511
1744002077.2732084
1744002077.3213854
1744002077.3679109
1744002077.4147658
1744002077.4930096
1744002077.5541248
1744002077.5694478
1744002077.679343
1744002077.695078
1744002077.7566297
1744002077.7869384
1744002077.8643558
1744002077.9107864
1744002077.9467204
1744002077.9894009
1744002078.036536
1744002078.0832863
1744002078.1468565
1744002078.1792097
1744002078.2730927
1744002078.288982
1744002078.3511147
1744002078.3982403
1744002078.46039
1744002078.4914677
1744002078.5068464
1744002078.5696058
1744002078.6247458
1744002078.6949334
1744002078.710595
1744002078.7744412
1744002078.8363612
1744002078.8845289
1744002078.9301896
1744002078.9781685
1744002079.0410585
1744002079.0873682
1744002079.16444
1744002079.2266738
1744002079.2423365
1744002079.2882056
1744002079.3659046
1744002079.3971837
1744002079.44494
1744002079.49247
1744002079.5556989
1744002079.65119
1744002079.6664236
1744002079.707348
1744002079.7453456
1744002079.792407
1744002079.824603
1744002079.8846118
1744002079.9312198
1744002079.9627492
1744002080.0417438
1744002080.0879896
1744002080.15081
1744002080.1982808
1744002080.2441967
1744002080.2911391
1744002080.3392248
1744002080.4023967
1744002080.4648535
1744002080.5113091
1744002080.5424507
1744002080.6058636
1744002080.6534863
1744002080.7008073
1744002080.7470286
1744002080.7928576
1744002080.8707228
1744002080.9015198
1744002080.9625938
1744002081.0102873
1744002081.0724206
1744002081.1179273
1744002081.1803212
1744002081.227729
1744002081.2752297
1744002081.3145683
1744002081.3700695
1744002081.416397
1744002081.4939027
1744002081.5553668
1744002081.601603
1744002081.6491396
1744002081.727364
1744002081.7443721
1744002081.8057637
1744002081.8362606
1744002081.8842611
1744002081.9629657
1744002082.0092542
1744002082.054819
1744002082.1481318
1744002082.1710167
1744002082.2261436
1744002082.2726882
1744002082.3351393
1744002082.3822954
1744002082.4607046
1744002082.506588
1744002082.5553417
1744002082.6030214
1744002082.681466
1744002082.6974568
1744002082.7447643
1744002082.8078897
1744002082.8697975
1744002082.9167783
1744002082.9640396
1744002082.996288
1744002083.0577302
1744002083.1056533
1744002083.1675406
1744002083.2135913
1744002083.26004
1744002083.2914872
1744002083.3856084
1744002083.4313855
1744002083.4630413
1744002083.5089035
1744002083.5562217
1744002083.6188972
1744002083.6818757
1744002083.7277946
1744002083.8304179
1744002083.8521845
1744002083.8992457
1744002083.9299679
1744002083.9913683
1744002084.0376897
1744002084.0845778
1744002084.13083
1744002084.165315
1744002084.2246583
1744002084.2862484
1744002084.3333294
1744002084.3950138
1744002084.4421773
1744002084.4730532
1744002084.5207667
1744002084.5981998
1744002084.6292589
1744002084.6928902
1744002084.754377
1744002084.7857444
1744002084.8646042
1744002084.8988118
1744002084.956667
1744002085.0201743
1744002085.0831993
1744002085.127547
1744002085.1926486
1744002085.270522
1744002085.2861543
1744002085.3324912
1744002085.3802397
1744002085.4427543
1744002085.4727905
1744002085.5357144
1744002085.5981379
1744002085.645621
1744002085.6926017
1744002085.7713795
1744002085.8345053
1744002085.8505292
1744002085.8973215
1744002085.9441721
1744002085.9925919
1744002086.0716834
1744002086.103285
1744002086.165955
1744002086.2128284
1744002086.2598386
1744002086.3219604
1744002086.3845975
1744002086.4623585
1744002086.4773839
1744002086.5243874
1744002086.5717628
1744002086.618858
1744002086.6820693
1744002086.744992
1744002086.7610035
1744002086.8545592
1744002086.8700733
1744002086.9168725
1744002086.9788272
1744002087.041302
1744002087.0725667
1744002087.1362205
1744002087.2132406
1744002087.2761674
1744002087.3544374
1744002087.4012716
1744002087.416954
1744002087.4627454
1744002087.5251963
1744002087.572512
1744002087.6188157
1744002087.6811485
1744002087.7280762
1744002087.7902858
1744002087.8370101
1744002087.883642
1744002088.009139
1744002088.0405571
1744002088.0566616
1744002088.0888155
1744002088.1511104
1744002088.1823483
1744002088.2594233
1744002088.3056908
1744002088.3834453
1744002088.3993003
1744002088.460528
1744002088.5066166
1744002088.5845842
1744002088.6006696
1744002088.6478765
1744002088.710093
1744002088.7569134
1744002088.8036833
1744002088.8501105
1744002088.897288
1744002088.9592748
1744002089.0223773
1744002089.0851753